6
85
343648863 373188846 478957888 782400046 42412535 336843736 100284096 130875907 959864583 13350964 353339814 787210579 597874178 73381606 221853341 973988699 816410453 526001928 130246839 122582431 228917811 896532997 127265061 166104762 342202505 758132970 60921291 865074818 808884149 387064966 357145155 5049364 760253811 836103042 787449409 802666346 25463130 887733504 786058604 837844064 753600819 139398418 477570994 203991348 65296375 699424334 177980046 881706827 225426261 160743236 856805609 306860424 57276232 984070669 472965185 251995088 594719990 533886475 117069906 403604139 920951440 326731412 408653502 681205250 15350805 48619262 336387947 40813934 936352765 122446551 878657997 542469936 114361320 208745342 746461283 32174046 908169676 924441329 913880872 133595936 937700916 623202832 292972711 847493500 459789852 
95
99488587 54509842 299824369 69074844 310630332 73292160 395806255 719283833 754497410 411157060 767903094 943401708 304487345 556772210 918364610 35661694 99242145 885242281 244407035 698219780 917416326 152576710 475177460 683813549 138688998 412878375 307016380 431661708 112888226 766806232 50115955 212376813 673832425 349940323 133968008 984462756 423232483 529774263 556262940 30246244 793447674 176682385 973647951 97935018 733454594 744528913 133596711 685213091 629771193 378003746 235949222 399703871 383096807 711126681 83517419 521785804 124005055 243050151 805963864 89409633 9856382 856079818 301786445 536205158 58536492 435754452 520667913 481768974 818045066 76930852 364531569 611492739 106129588 190695872 561944109 839584181 935224784 695540819 377313623 417512328 926060916 613262844 817216198 309157723 176905876 900733617 683459878 153427283 143783767 489423741 242836915 6156500 198019910 544623359 394878009 
2
832894162 915545921 
75
650939228 844993124 102856944 114948318 951122711 146069167 676892426 643223243 81293950 224949597 873053218 498806277 3526864 338832413 168538827 312684586 515738289 69272443 996144464 669165571 65572561 338084556 912002485 924245412 536104466 309142195 171639772 792660867 142036356 87185692 383502593 645491935 784695167 338875888 760440253 588334229 484945054 289849030 84073823 418755355 367314978 957127040 917561632 370841842 148475805 86100458 683526427 664214093 7889252 532187242 333379663 925978164 722788150 97898499 702739927 111408967 407040693 874379698 904069833 549077048 814081741 140088777 47085335 451293259 331481017 807525587 892143839 816426070 949890968 976217661 87697777 317205946 785861053 5259408 688047787 
57
943876217 224090565 451067301 804281820 608794159 784446963 582776335 331582308 882345461 138032613 442991274 141902505 864928662 199577458 690979552 531526754 192182586 738064886 982820012 523663602 398106824 727480202 192606024 200514144 556214214 280303800 517720089 194591618 138079559 58284227 128928474 81955775 134891143 432512126 738753946 743685301 69475440 174046632 75267608 951820900 164595596 370775233 93723404 29524257 422869042 637219308 561051010 615051628 227800545 396387373 138715229 478423721 123867574 331321252 678937864 532598139 611625051 
4
727189757 749704609 107458530 708634582 
