3
9 49
486132366 315112813 507156276 746426255 974721411 713148174 84332942 533060937 820508919 349217799 243892385 378132803 766297300 122550775 195614096 376672688 188717094 867206826 22755550 766807689 889905362 220213211 16400726 805828434 848631034 189817127 610292899 956987442 246517439 106343660 283037790 585166156 421456472 642710418 331592410 248694235 208374943 268441703 781755171 28883861 470175853 25647555 259533015 88989505 714681 307663463 465662192 189431774 27386640 
340934093 956239462 917292001 561147303 972640187 575636786 262294688 14973665 38446037 219282130 261491103 144789696 354836271 846657258 418762519 997546688 30766020 667456753 205921630 151724074 301728275 87321843 621899927 179892181 199371209 710889431 180606861 507034671 29067974 370038635 534421310 370002066 178794448 304229663 931149368 3950987 879866448 45960408 18924651 918312484 265242537 280415754 63102179 620078807 979589363 334381050 470141847 10355382 1837802 
676063476 14595808 156082429 615901670 636495734 188490961 815272879 347385164 369097822 322307549 376453137 591652808 856728859 746455202 770447255 13474873 530120921 774398241 893341320 576081328 793322892 811653804 693840216 73738645 727272334 166435375 905844359 61653383 636577221 768716093 916007537 165157048 783311900 924606317 781058718 419807633 113097277 596331596 619709148 334711450 771155496 996162284 926364257 480400706 595133837 696811512 493875578 977771109 323726104 
387216898 406368789 117048995 51387053 100209004 43303991 631175738 266644378 949148350 545345473 903221598 570380794 313869361 68378646 353692693 238475677 701953715 626016677 204089305 150801662 245725824 538800755 921957157 94404459 465165011 402357863 542054647 14492874 896233440 519825755 338218978 135966689 926194543 307784324 39870093 878919899 351088315 671045831 145564276 152753016 216391303 901302226 723133809 530260663 822197223 929342853 621252691 376667289 555359529 
825341995 527468950 653601704 364142749 449426106 748006162 681824112 704300320 142577160 696316985 453050112 662402914 887052314 589016800 441113809 194836638 628886893 172550059 398441304 152449075 170630686 551194319 368840377 71932911 126844479 751617391 746646485 56187331 372870081 123313773 464063211 50728427 503299074 117664914 414871176 952725180 718187427 96695287 509541851 860764586 645528623 962591962 375683851 385097289 404125114 669314011 579933926 33012006 841864069 
978375229 37977432 12494755 382085899 406817808 936944017 361446729 10951550 536106854 270150411 383821630 511936978 734213621 434550056 15236052 704394886 701937583 820477583 275098664 651149221 330019433 988379601 149194196 145127747 216579803 534291484 549252860 885893814 114225409 434781217 727757882 945116989 472758648 592768988 179719239 879576455 529713005 541165967 890528004 65819858 811316377 126865985 430273187 398046349 413932392 445509238 954957586 115869975 118503172 
82572601 767019195 448522605 70952201 916213390 593650351 287532003 303021225 142903210 25942168 269762985 430200778 753700050 67396325 902959425 198985389 247115563 635052231 728698393 640797881 378096586 647034602 304630609 504962570 77307789 702676957 918894961 375333378 510150894 887281287 493836550 592723494 506816834 794875506 663675694 275546575 241042208 803724049 578567800 236461769 829666216 848330784 666662546 435882617 915727109 569621970 634868006 15359023 57190552 
216082750 656156904 435287137 863117352 960787512 940249706 792941492 515980821 711661018 20791221 26131714 451458657 367144122 618855208 958275490 162019627 135047253 233822064 403061834 938771301 812389863 639523602 620953869 513236999 158702499 56836485 428964107 728324468 691704490 444323129 785515019 907787240 100480032 73318507 623420943 913783896 13568212 268878786 429764716 577745582 142186358 308412781 29204238 509330480 927267988 839996079 671350106 914831593 73818142 
926928292 706119245 738724357 418968245 327073113 104477707 577670744 236425950 533441813 158511563 928130439 830281293 944026582 688434030 783277677 17345088 164371324 697061572 883429652 285766461 979342639 313691585 427952819 287755419 195412174 937283298 67539759 35408252 461149755 982371351 961742745 388078046 541006947 552983453 807046291 868080060 657461159 237233386 104506009 43419323 395744948 885152799 873700616 192287881 426103181 509494644 62149321 442990856 59072567 
72 17
38415205 111786908 156710135 178686975 159715433 93993432 246226733 47640036 407659538 81114435 9382780 795737584 622121382 414882585 455300226 342717793 924860095 
692533611 299740153 968279418 88278558 37409303 694496385 133082791 316028835 56507380 195232111 759019691 115579946 140811082 487777007 153995150 105114341 497003493 
332682124 264829773 443513276 431425209 312469808 851172813 512539643 174368939 499426748 987177376 441767875 954726973 182411520 366627970 499776935 482151672 187423739 
440571845 372077327 734436475 573654635 688106161 790943854 768886745 447125851 906523799 762214178 787419209 60518948 719844870 284422701 245717423 984674642 727935976 
677142631 149660801 431625141 42198626 176546091 931051888 29376001 618313966 738295213 64303873 984941935 90588499 546455544 24882025 531160343 918532870 759318499 
957331329 459155383 402778704 578734425 906281233 309302502 193464954 546216794 222337801 913309823 830639494 320571575 750500816 411091822 997714206 900161616 842716962 
892429183 76707707 626285201 774321535 547538024 364580413 838625407 384996310 455168912 237597303 409878334 838845606 8646524 21713184 796176935 467801906 424491887 
227427711 226599491 586310740 420892665 772816284 808648540 334202487 455972129 129220114 84703303 867063950 979450671 837381270 562297263 724396205 766605328 41098816 
498717740 166659703 405679228 189859498 551656012 713364491 427456800 961534345 552210097 436103324 835763880 200903383 903905229 112772118 428331093 130504719 699082857 
849223757 903321002 360247748 35942596 211809483 341984214 973162250 78873432 173951236 663059871 493687047 898347441 282181551 534785862 249581532 448841253 792981441 
439441029 497265 506345932 866897829 814547961 911072380 303001152 650311841 111975762 59422732 763083958 392823206 189927451 314683167 94563315 945764804 674930914 
130505910 157574286 16915127 956184511 88964070 190866363 619244381 435167468 89213803 901425931 969953329 191311686 202783536 615451121 630752714 203280800 121797052 
497650542 17828760 885385783 653168045 520656952 849877896 712590777 136257262 95217454 902518227 450940428 189780768 700799382 125871341 172803029 858373668 995302820 
128987539 799854089 38685534 600748271 235021556 127899336 354690554 57491236 171727373 557474089 672942356 802480086 613271240 647255760 152646980 483616351 385157894 
805815024 4273303 235035790 518405800 993046916 330253243 273440378 296503695 372550362 974239760 274891387 545353390 685129779 270194206 526857280 337500219 308879739 
980121902 572521774 289295426 187328807 482529361 461022798 744802895 7988068 116019236 210590486 655243827 268666215 694206837 40401721 74481238 550996491 127953862 
445403390 544043406 310723456 718843767 840547100 683273817 545599878 115438486 81143558 83246008 238149044 608000837 420746226 399545134 440639090 845784351 688840560 
627967897 328313711 2379709 225287143 336301779 118398944 435877629 844061957 387065158 130084465 736980029 314062748 681080955 864933890 759466137 77640712 28173697 
330826255 770704163 711447513 876426133 738659000 792591070 812188492 976808043 253108258 85451070 228869529 693747348 931235420 917710088 321715244 112065483 772606148 
547002386 448367261 891005092 982880014 144945569 130586601 965480830 881925598 444649348 499078136 599375839 56631836 576718847 627549536 387458091 199939361 338997048 
116400575 938598361 131588118 928589066 767922755 237212727 14040135 996792283 930960074 945275555 767018722 105191669 57341037 539624870 652194055 358224649 283146313 
487590420 503170217 266249265 305587602 237612166 710898613 804665737 836988005 767530448 233900936 464537540 7504890 433840296 656050939 123905464 372438656 640155408 
52494530 140361411 877368135 66534664 989670045 808328208 864326570 756688767 913519877 774183958 148829988 418230283 984924958 284492652 758337054 340611527 550741916 
63924655 578223692 114156880 868590392 415211696 881687328 102491327 732265587 889192217 388847974 388316526 13097681 761286630 28471933 918108562 754164392 758356419 
837159577 596350788 419200979 554002499 205555906 185237207 180702808 354385893 603467489 165627766 638878544 214320894 506239292 42136812 278245549 84462983 156293691 
999352292 352191031 37981018 954359970 84456617 779689587 343207943 325289494 645303619 957010924 206277779 415928532 563691667 964634197 253088108 160042455 236351527 
807090606 365598360 421588733 987793414 572500605 25056221 5937531 63895500 91893467 364693174 106032311 370139015 301672508 262326002 222007658 653863538 152823371 
176367627 590836507 932512957 372091921 768642352 430332927 329102845 974920130 846261458 892794511 792070679 951865918 905353317 28422205 611472875 123468029 302527290 
451782640 695968633 180099862 457720170 759864132 271993328 822413343 865896443 642132342 124085851 128222444 864139999 630465740 281045814 893023977 73818598 66075123 
265115898 842460950 348924401 446735094 669897431 47702211 192045956 314484461 999568128 97399273 195423018 611041002 220867301 497950307 62823642 916835933 678050168 
373060163 529216416 950043496 47989858 395112858 444692189 24592060 375851653 161348540 507574151 656897467 54372516 581392749 575488941 172004765 276370050 924413341 
618739858 798783832 972115551 810785814 113268293 971683678 760701438 161207662 435241032 981568738 511674320 350581025 750921022 42240839 576157539 132653789 992284334 
624147396 527766647 289492875 501255807 903618299 303357766 8829958 413032117 210246633 442739058 988521057 382251398 719109107 765450750 853507607 370409290 737566300 
516809772 336193934 561766330 277511209 497401595 849523713 111596298 9075914 52621089 715033671 51316753 628778627 847687460 896117438 105442375 227970458 38126664 
606698181 131588756 341484429 615528138 397137225 551731062 58267195 238174633 786498811 629892653 3625382 640006417 301943 593708034 9332541 189012228 7990715 
286843749 686413823 857514427 250956399 548006088 910135515 965990069 451839192 391430493 813677528 200472982 496872867 41647985 91115997 103571048 25753093 432600426 
571615537 275406669 836847839 482399084 366097653 623346649 112291736 222239387 115869417 965110030 815947420 125201957 6638610 676454486 264562058 693052432 386485264 
515518456 93574871 149137130 481508524 397930415 540567622 147702404 598403396 37440489 41866740 689519392 141011536 920136184 974636169 565143424 48059204 811484007 
47542507 414156857 287347007 12350595 636396243 255732776 829976976 304860014 380934732 836615585 981314499 645496789 382184368 367799762 13531596 475759239 516936891 
495040120 873689653 57504512 495258875 324609400 947461352 537125614 866645143 940989239 309778150 841281312 506132663 357837353 505281670 406191521 771994209 645145029 
418542115 408390451 900877804 101035443 713250464 134328887 937651027 547081314 779825676 319835395 914881075 793357271 648110985 284334317 140913742 374316989 194355181 
636172616 698926388 141816532 25814582 418087882 935322123 335592731 111885545 293971137 693430083 617167215 700162657 317940644 114828595 118704772 726331094 15706398 
72256566 292097910 150035284 9907592 839179223 782377311 182259338 606576650 428250934 830370322 743427318 569164675 204687310 937782498 57853643 756130049 932115382 
83668224 174217931 719953856 271777306 286103475 13924992 817723740 755787041 714087648 135664383 870615635 685308771 714511829 886322032 757565336 6609738 888873668 
619989280 698305312 671250978 802248617 157398313 99501911 632618939 900825631 521182938 689822600 691124480 431552932 445952649 475756213 367737507 472686931 48226420 
639514812 758790405 62151411 309754903 367093798 628755411 445419286 237709432 166580533 12447466 976547816 924145869 19057203 865421483 396651500 569878866 389188812 
198900116 579793531 341207075 684035406 333135513 714906364 373858006 24259992 146459295 672327006 352532557 514196801 145013936 400758976 6227964 756320692 315426739 
315982866 123414489 944182149 613918503 213640273 110762681 626365968 190188088 887424901 497939522 908125922 284076400 67818388 149831085 335492868 500128270 491038159 
19528273 833263782 58460874 245902630 710040125 204920168 918229635 62572681 571633320 63243570 315848009 577861283 672080614 631274747 746360501 795495102 427973247 
360279003 9135374 538735927 986644971 51839813 278677180 337100844 959965734 562753579 257435583 109796819 898246446 757563852 453351329 770291071 590827633 511812203 
16193700 153384110 569248722 934423335 68473142 140882042 850183256 384321150 571259676 374780221 868112248 317620176 22791675 296085494 530415531 31927048 687337773 
369576853 936283213 966014952 706677696 748765298 381284882 964113279 711078468 132047680 721677130 16946149 902338750 165021115 528758351 918532449 318405224 98007072 
705472135 386878365 91405465 408171743 623715867 662665141 782951963 491828114 832801668 805743637 640429960 363217198 690187037 327767732 732794050 478986601 146299035 
291988098 227751898 527583916 256101376 938830366 659631595 830294857 955776514 561970344 995315971 337051216 333019145 166237546 287574639 891007631 405632263 231496456 
151695725 29348129 894161596 934647688 373692594 579479615 592907676 14122553 942696813 135611064 194406636 528007214 614597664 340705670 819995311 694865914 868289586 
928613038 486212631 527921180 758907895 294505496 942407876 606740217 631556711 127943372 625494115 771647701 18951002 31126377 3144156 170646727 60474505 749822103 
957810766 286683450 329301718 403234793 300806003 124514882 538845857 495212638 505038447 5959872 835918308 177550110 700825785 556724245 106163147 39554767 84645424 
717587393 334060262 879569651 176843962 965616972 7513022 802338076 589781025 26464024 833464452 592925180 49627102 746455308 195263635 7437867 33138757 524565352 
263189011 186461111 501596585 802034867 534190101 6635031 660511091 222624760 184185140 213853227 779349004 142864639 253407994 716510779 860452031 587468255 596080430 
37295992 405601579 456109803 839634067 995382603 335090178 525614870 440824134 384717279 124586529 636087768 244671497 10241638 13169471 507860508 49219100 514766055 
162411726 583409200 521401086 822922816 806033959 558102577 36776043 585382962 700967215 142700388 154410093 561419246 730168642 750490522 451231589 135770220 59116676 
143382008 131152822 394206854 668996877 424493308 778924132 646099758 60581075 876111981 656341395 73750546 236488840 705560494 588516600 398900565 141486046 962434037 
74339733 947520004 520536614 963632127 385419318 74020180 106332514 539829410 635439425 836501155 142836283 86671014 824787727 201952958 82569373 808456900 596159811 
751566249 232950207 227600295 250182358 146047634 103712275 906523752 219798179 340201114 464600598 660831130 591618030 606086643 623265167 665957762 406122998 996318132 
482106240 791542315 70338311 588438753 331371724 558294088 277456260 474208006 497481453 102243986 676160964 580050825 763217237 124837126 184133425 996167444 352437420 
434315783 142215077 456149694 193355886 214529607 648867159 657956483 875360736 240485189 116559477 351142254 758959302 522682475 199976737 241065542 166741141 270315048 
682020646 498112865 828609135 959476905 824837222 178606939 914237242 353514537 758657763 529970831 478351663 942791187 378654626 830789082 377106969 373386054 139455128 
570462855 587915660 788322286 80935689 315792747 28807474 50011518 519451353 640283128 572693992 719428089 881348669 739435132 989743136 415885666 90064348 670868622 
227878923 914901570 849475560 142116164 120932458 460649674 524603346 599284120 403440861 903257971 430073202 633064181 276644024 569528329 56043387 717076035 210366966 
136979076 32868782 91690792 186990593 404836486 731973919 612200936 124264574 465838939 204152419 966524062 881724604 294216767 489909035 109603526 61634688 191900947 
104236042 182567145 652550620 628839387 781851265 55991480 384613710 64440818 541572013 661257733 486485498 597615399 230850120 696852463 734594474 116235253 788543254 
774101418 521071738 520517172 386302353 645336311 986356110 590454772 464376724 720597066 737187890 954285759 830200591 798822577 146186705 786952984 833906073 798737324 
23 89
707245156 652922432 532714506 101333520 166696516 19200003 698948918 397546635 568568818 286059744 513781887 357112071 60161161 34853624 730145595 298979866 532706287 569018056 889434637 997083010 289615121 479138878 951368768 972332064 130477806 950071824 759285047 964383878 601325500 27593769 432657567 161087007 533032552 817888424 262420526 699729068 689604779 961369443 97275702 258173596 247429186 611057589 467802018 160106699 498427564 197947612 459086564 31133850 766965668 201037552 28216860 909097140 680176429 832101979 881429203 810654234 634690155 493230602 775038111 236015654 373340722 60212029 397102660 906373274 878100453 659523185 458618693 420221583 473408979 555894394 678395178 720838165 19468334 146197195 880944863 517895898 196661159 192547778 401546099 816143178 393585329 282279310 725240317 73761757 114381289 459185872 884415990 601587795 804932825 
511970452 837603448 30789898 424698833 87222459 937163171 155315637 599261995 248298215 575537219 72670973 804192609 106448748 646025489 676177294 105162294 379486703 46589543 301823452 572034480 448135642 117966629 965619808 730414951 695723298 39381564 697312591 7425521 776313905 298900385 812358345 140800709 989020184 843148242 565499541 76242642 632827765 720815177 528020988 881125979 148868747 600691961 537834939 255317494 99233801 66528585 360479787 478720504 113118127 662303239 50754983 561253768 632786219 16374791 291668719 181025868 908272706 988981309 40967740 537102963 140398046 853326084 530420023 129418229 548990678 95919563 58177223 34334794 669251091 438714562 767977124 818119837 39406522 158328415 73437330 138640323 224856999 286433468 469877178 337975125 948736706 520632160 899228893 434039277 389523302 43413963 467581496 150312360 32395271 
508549236 539931674 25309668 214391671 70351696 7244249 763382348 18787610 917937823 650233493 540555052 356652384 418210617 211191240 248575258 576539031 137144921 239731932 801396029 423578388 709609109 139371153 224831446 82757620 891116397 658870722 324797274 934530359 126452217 475109633 819441982 487517804 15041306 844751649 701909475 937909353 704512249 317808174 956696962 622450071 968041667 349768365 831618807 238768635 560959604 80194064 815307665 698104524 172442347 469220045 121682911 734567807 461107549 346514356 817325426 204740298 857901429 142122699 139270656 836869998 469748683 958712637 324387801 337306340 655980638 26297275 127732044 213009238 196621801 84429005 835459309 164663467 286713721 519594467 403432101 847673324 452304882 71256117 545777847 624747228 392992513 519977110 211831386 854100061 866491465 29156811 58840358 576909246 23795862 
50627366 413779243 346060896 861856354 590683395 535883588 370353343 469497022 663615631 583362581 666118822 600560988 271338241 830782288 887274708 790932707 86730740 734948032 243237588 10503208 133242230 720501167 403495720 653219339 932332552 110112132 372227156 814005714 21468842 949136401 690317927 72096207 215431995 36378823 933952560 806115389 424778762 156822255 128128762 88394392 740184835 794247583 688955379 11523075 477546222 428746439 802455781 564276961 16210822 898209720 574780168 149453051 618710886 978275887 655188742 403559789 88388019 27415897 217565502 109856860 829068649 907883429 34469418 897016995 796778603 820938329 555648735 74073716 977760583 683777497 162468107 717945417 478025079 703939838 581984843 955571301 132686276 236956975 372364613 148897097 135166694 799661133 150866499 606393931 630453371 806055240 9953719 571357741 685987488 
80035573 533730952 367572488 987919001 568200369 264589482 637213955 241655050 820238217 711287670 219415632 356532065 726272128 789877401 834557143 430211965 371862243 642644795 415414592 608819218 867525760 564311688 596502263 667186892 715178187 202896194 150156614 373749778 65366264 721514355 59737266 145401836 255245306 427309753 133320836 675962027 544415587 623051142 917617076 217170155 186855163 137032707 573702219 913127291 779426459 260775713 195855607 3805054 903420508 611270199 612624271 623462619 28098238 61642885 143165862 595792776 264539078 293322475 969542554 329905342 14836829 29279819 475307177 122598487 309105923 461144365 798560513 853521509 936711858 716177588 70691663 123567021 705726646 496910233 889210663 337669457 757685946 937582621 341474510 513622805 401369171 954098780 137085423 429467409 15741664 280251284 25260184 132797094 573573758 
847319089 315218787 440926939 729115259 790525963 563525425 38221182 104186679 362085937 744259042 40898537 930779876 667467057 16981909 489022873 16893641 758708923 826692329 774579586 548807895 168166838 288202390 950177066 974781969 277804164 232160826 843039985 558055447 109937361 975837078 984145557 957256450 143572216 425072495 686371708 934098178 988597919 577109241 890801209 203200207 173884635 784216097 133980082 693868043 653714357 475519306 710761683 264939631 302211635 485341269 813747525 322894824 626060010 763924590 297676793 903864174 996085415 140716777 314435972 106022776 969070206 298581528 915795577 112642421 576170374 454683636 899256950 417284644 31792877 642574510 620484850 58193863 426790606 606981283 752061905 80504962 82500589 315339939 197960944 237228575 800681207 11708469 560123398 279257569 628149410 710316542 183121742 476751177 703549670 
497557713 435290304 525136227 648655593 351085880 490294999 224825966 805769515 242068301 642110610 690078743 884642810 115111811 600788957 163949768 574609446 205367213 96971081 509626386 520707152 294932025 746854960 173904710 306640493 159494709 453162278 934789902 869811251 636284019 264057430 425877272 986358084 699347733 951013499 635013676 50433612 441308497 712355993 708719479 683376797 206982954 251314573 420535959 322094765 852103530 584485726 896704210 57470742 681456806 258846947 430694245 976388830 5701906 604598955 135545674 17712966 57761232 70335576 740040568 546561603 186909357 165917840 532919686 886257090 116931338 20449713 789207053 410756186 732805705 350442883 946649335 939788659 601757456 367185293 114399775 306377337 951671018 863620336 216364430 485644175 122467282 647058675 462033005 980685539 104173981 597578678 998398504 161935212 520430605 
590955424 708496814 707339962 756873263 93932851 446113403 726320952 114382563 235320455 989593489 699704620 585763338 936242823 492009630 40037145 155944467 458925756 198930833 960131836 322546091 415295262 445776011 297529724 914870288 760325367 278215262 19044268 210420396 129130117 33495832 730851001 720085540 741992645 290707314 329475154 688441848 736820716 908312457 655340762 824657522 897905946 207561733 262937211 686665120 699571362 302974355 695125939 11013469 501905187 655257774 333559559 769716801 953550136 631089282 684587088 713875502 761820895 556147708 924295898 890951012 589643539 507663250 463552903 184152535 650886915 645544409 872594382 240223982 553856865 527935144 64881503 304279162 735496876 327818714 843460634 287584590 483309420 538586572 298598058 985214607 46360697 484673969 607447759 999910833 115763250 144551198 566302686 730100497 700698905 
343114935 473567860 290342443 703294536 937120762 474494978 354181450 435181522 199605711 594405431 989038387 727540854 511803286 145833900 315554082 839621999 989294533 455655023 175447770 380397456 754253080 13178728 279274505 91443400 620626486 131701689 59723002 765177684 698004374 789823498 465876588 893635661 263391357 608735383 596930196 53028470 83230360 803627998 488209992 135352422 250549780 329764730 862893276 762353065 328114981 30963709 454491415 169925866 486618731 629939185 550323321 93388162 643117912 829597825 184831562 263744398 961299513 244554563 28922081 511820239 34378060 347315020 257972251 150285768 956050402 854902446 55830589 891797113 511046795 544040580 27149535 761596575 726321661 742559162 523949639 54436642 626039222 978441054 224362507 112657952 460896590 627202179 58562465 104014501 309316356 95910378 220275250 123132220 340464940 
101713682 634952458 227359351 449028702 892924708 230161470 257595455 600343506 285992059 1908920 111390300 830032638 881574806 725503226 408870651 476650319 101969217 463307292 102689540 80410270 540186150 67863843 393823211 167388328 126426307 497837711 476704683 74853037 718112961 599836903 415317976 819826642 87305712 495193679 121371695 832746772 725355148 231483502 285606629 11347206 233392421 249513280 693896196 114967226 975016506 102766846 444133896 76985722 418590489 546823435 9912343 958776638 467203629 403735553 126164965 446146287 754089615 455386000 520999323 324718927 907739254 936317299 144545569 995044965 284027329 118433615 680308088 9382476 349917116 965914716 20729682 435825888 215427996 567142229 403309465 42960853 669909074 847443360 119946574 88499562 246783146 129858916 899792551 713986774 386110820 878473867 160133061 140200434 186376218 
681132383 317435713 94115471 469966033 314497633 941676788 753993361 432931247 621984875 615892189 635364715 440415943 489138222 71190602 655843938 56280450 474500067 698804790 578705875 174459778 671267715 519721788 421242924 653642982 419514338 135229697 39753801 150504556 147879109 32470586 336880774 829011492 202422650 430996244 151493876 516920282 225189383 758003589 949851529 847174258 373895777 437732595 140106552 863033998 508923196 795950489 771830799 835939614 347271630 350536673 10399392 18539344 870258460 431642315 524698677 142289149 419388363 416968829 292793704 567267472 301955766 629674477 248795315 504378416 913187073 400289190 21298697 138376455 10809130 823666577 838067064 384704906 261399171 978173615 100255255 622838719 626640455 872086053 458778332 973912084 75139077 321694075 844967779 797913888 753336389 222182807 940203036 25241104 639151635 
85513092 592508575 941107401 567703920 841303889 445485816 480890992 94109430 319300864 471783799 104918560 142967441 309850862 489623465 256882963 140540829 442395072 879721681 767181283 166997476 191016365 593609719 242136553 512710439 291093849 40050440 118563180 513276656 832769828 143804283 152428290 770799271 736312857 93535690 338503190 577616745 391537857 671910534 671726174 710838721 143694332 776644733 706322513 306061545 118784550 963205475 446602373 561179621 842927156 213783656 728177096 33943520 807393374 822830000 399170310 98487222 715396792 517733489 464280229 400682971 661537771 616708519 171482241 397850627 562760560 362501782 827983723 806814769 34412315 352226249 370169841 30622998 128870981 76492353 336684543 100171882 39697827 783286915 513867854 735141334 997070570 94561302 621601205 656980295 917391301 20771515 607983869 632788092 391021355 
72264097 33471062 52559126 541488967 57469654 302926104 956765879 419971436 130909827 763580647 306900102 483136075 133750487 337523100 464523407 62759191 674207642 417211641 954973369 457494556 931079494 542631055 307081478 25640795 16748611 816578124 943032096 37520125 277078344 428336539 281057832 201858793 314323953 333616957 743347759 224309958 636543060 552629989 644281393 619969238 168726987 951181495 103105312 154993825 141220946 420145071 217753015 815428587 837356711 25242736 125439494 620952556 567873790 432520971 646593351 584622400 101615447 442141798 474658877 378693790 722994688 755716708 580552582 37318640 89333664 176416693 114144950 578393075 729046681 758426342 50878665 897773668 562124188 6500328 52767492 703345133 426645398 123036859 371290071 116518460 148279594 496729565 737471016 716153383 929250535 236580718 300775782 30865981 531238867 
775434658 262076123 254233554 383667717 842628704 144068546 325517732 19045396 258213495 903910807 748092077 869156188 954789471 498382096 283796728 961289798 551149587 987141860 240451548 674186445 210948283 209486359 822466038 707677847 946957374 391135772 489444733 36054443 691911554 372827066 567293309 319862563 634903188 674043215 703530280 477531891 818111760 29048011 349093639 928841606 785475169 97185715 797997793 592780991 448084162 81794520 406587141 999233748 921452732 499555040 525936545 132401014 709041398 200918934 692595212 508515124 592054706 182039944 544569566 136482611 554867009 964379227 308861525 42286548 638422441 12391804 519818439 309050552 893956167 868912077 90408509 531947687 818614143 888406301 977245030 119214656 822717173 236348522 118448403 596686256 735903561 496901299 581603621 444944958 550336585 126715184 953460081 142391290 308755127 
350545999 131390252 716138488 167441577 440251776 758425035 805864017 305159932 130759825 967430920 51632450 999671901 57839428 436096488 670802395 798762080 413341517 790017050 473995604 649690038 760981805 70681859 238109950 110399455 504801831 683054908 660736039 631517014 489031340 655643680 792788493 692093690 639550283 508926980 859535266 79802059 119868366 517915634 237478342 250628191 485346553 141627143 102816443 395702332 577723630 773618838 194464412 991065147 416152239 668460015 493271536 29650395 591658226 731381486 140049850 948976408 266952745 653302240 433009774 608500436 161462272 225798266 300594126 801012554 587241597 12645743 733330964 707109962 530561377 823325657 957738152 15907929 964952799 60554595 264126613 542676429 686689784 458591024 386257927 102842022 979567390 732045814 985008769 423741967 315943651 977574970 372718375 582896395 483393561 
805728148 43913183 644855832 884042765 344507308 298384738 471284361 357153050 884232053 30910674 887714426 707557710 988648826 756138707 525026860 49203420 20265319 67703288 588409555 331372694 306477566 543767928 163456435 38523380 528776696 587198402 206983382 358868017 959916776 789879777 842261578 618161275 833792959 339633761 354720391 30816618 638018498 826004751 240486019 374766903 856915424 128200445 82324612 698080601 736855503 459867823 599800372 609637173 380087463 188209926 793526218 686565028 731977854 956982652 577604759 113270901 544181053 784588141 472138918 356614180 426984269 166916847 827291806 113293579 506550607 182012196 144110196 144569105 860533298 237112566 371852359 569965074 217829362 306693322 268045674 954684864 766561144 867846046 416838388 146648606 908572323 62880957 685729986 493066528 19863609 115851096 606337429 416561013 900439236 
930992698 773175193 179939856 97909544 452983350 145749786 604460150 634995546 142376333 601545606 348045195 379488899 973397964 918010268 597318260 132607637 38572294 404519476 899168781 906418339 821357863 45817386 667507013 884238820 584063723 160573541 756618780 699914819 619427321 173179792 452870406 550420018 798871336 632810262 500845913 251854686 778560047 105306062 739366583 920936380 559368020 87411777 152941630 385282335 5422045 750259889 517889972 43994338 154779364 269575104 802929028 828653579 167908841 322952392 565408750 751972564 483525932 322027529 451887382 102953252 347723672 904757787 505889621 146595008 390084400 6735533 250966045 21160799 964557947 990332627 794613530 376442318 77744403 947555159 614241004 935682799 697815047 132130975 832193488 705110763 254222430 487638867 533764341 422131271 810591259 99173090 174103834 146633542 273716970 
478507567 102103146 621440641 235781705 460509118 620552000 625866105 319761003 871518044 499543255 136835301 861850670 294156784 513277618 792111425 94228294 127518621 580310575 792043340 112165948 265020415 349670454 218904729 605175633 883434794 641035999 268283243 835124235 815139832 414916785 961357556 146163750 369536282 435314549 381945455 830045399 55866548 7811559 149806401 927384592 359871165 286641701 641751613 654027948 652435670 286379389 748256241 632470643 719206316 392815932 597152942 984226730 742486386 816057670 441918714 478437531 457093669 710201957 166078118 124749852 125118741 127435673 270913602 347171374 415266573 652859056 177216772 471133121 513186966 179539525 251034064 873058130 466181225 745302028 379602429 118616895 31681417 980375021 603603889 603404084 225707304 200756830 440147165 968193689 16814499 882065878 299147572 326424519 592267834 
317742041 303690723 569902926 297694065 574604324 917074299 712960638 79979731 946807423 36610110 445683048 126346947 287644173 171257529 445044523 32946200 550859957 416177769 917143968 383751329 19781657 373064403 609458632 73054838 813211567 430168673 89869337 695277445 729316244 268810207 140061630 47058284 572500929 562480908 197268700 999621604 332071558 910229337 79601334 278878980 946839446 377800733 257742278 86999970 549058261 702786801 119946170 99918217 118964569 889606489 336185897 138746226 115187244 945644529 64317415 928398810 375813201 6703103 476192606 957645796 275513310 616254236 857220431 700530590 31251495 54489130 700152194 363323052 964718467 632269879 642202032 764074264 10070612 899944309 851074234 411645224 455247461 823536755 364079793 574212030 565659595 700265689 565474607 680846838 645910217 629792021 609245648 874239769 636495124 
85438253 831885564 764524785 554208840 541622346 465055374 585460334 596111476 17723919 948783386 413346294 502510150 443501769 29936909 365097113 195962429 881011142 776742336 651209890 704547896 140822128 77938271 122723843 841087817 495929229 803570680 339514385 125721249 265332679 66270506 614732724 203287284 898156069 231773860 757496123 292294767 696829234 195472809 888406242 567069504 996772546 154268887 69579653 292790666 184205795 434676765 488753094 65216937 63935453 992479335 622281184 204757580 70417605 745005026 898361748 418863185 401092058 90392485 397100786 666424736 156662990 11833509 869712019 54819058 96123721 479724494 199630176 792952954 675197302 88036417 212538809 524486199 94821655 282118462 817276864 131543802 569311578 158546309 49277090 633247030 151025644 671558273 838004610 73959600 269079651 588882709 492822785 670171708 679275193 
889923570 189112795 835938182 754273430 58824814 743273592 850397150 538549307 942903767 495866455 66262960 883456536 708405264 590749158 978278190 843040077 260542373 109821991 412351654 419088681 11615432 45598684 570114324 683173705 736119645 496590276 804769707 177518705 989413060 327457766 856793898 731852981 516570560 692732079 338642762 575395373 288522022 41556264 966461031 231425789 389939070 32723990 114882324 98344333 475989499 945676865 793900761 736531871 908015208 58768767 8136904 919630639 104367450 578251227 455320695 693003446 74841502 112606753 870522150 916770913 440064518 579832399 501140245 956635078 125080830 692299359 384546802 413602851 733855622 351007833 645028639 123794691 236248174 612427314 74655376 564754025 410620531 721072488 153802247 171152090 779841254 161939150 943299080 736725055 740190377 251136127 282244852 667548230 363742879 
5283354 436835495 803807397 585115752 790492091 760442474 710196581 482791449 144989275 123799432 69163422 348513459 621344422 45474465 437277985 86288088 972646192 2032009 496908618 693718679 155834255 520577059 326076285 317773405 463876138 62801339 910480133 715012264 345046191 430544714 78755143 350329544 867380208 735078891 935445295 510388651 348037716 498158228 993180099 345543342 621957659 914859873 694056801 95818432 960334337 131334785 182106519 785496880 985883145 679015136 331731910 141717399 52108546 657808194 312007155 515984684 720609533 75003639 83513299 918172075 505548353 14784793 121017970 225444912 749863683 56463264 735833562 97901398 407137843 581530013 295961092 29095501 496389885 990017892 124913933 309240573 973869028 159536803 94737452 812268524 838551939 278985713 806502274 890660484 936793907 118509429 259161519 509919791 46029419 
195191170 428091865 551577771 209975962 549109834 777022683 812355997 458089449 512856244 762773746 865227292 94386256 58734837 746839144 443292492 901269080 724269428 605049416 727654459 883806231 552303219 539922982 574874521 831288932 198941608 318051356 768082838 169967388 429729227 130518980 215996806 624920396 558610844 767574577 834896357 960237029 544597259 499768705 270842829 909969854 262542451 136070120 856872462 173793639 735425616 152681305 75062719 312211395 757730721 802717177 48533977 310033939 195156511 475924849 141322870 394098118 793976205 761922059 564065505 76221783 892441038 780062310 701142178 303568233 400153238 388554886 116321613 944750496 888323591 387164442 707236702 3382393 375750913 564109163 177176031 111176528 716790467 252238749 275904275 327037539 907472278 176954603 637071478 102628788 652879452 630910699 349243257 299372008 245349110 
