9
10
3 7 32354
1 7 29613
8 3 1471
5 8 95197
2 1 41719
9 1 55752
10 2 91319
4 9 52254
6 4 15512
10
1 10 93129
4 10 62764
6 10 35768
3 4 82776
7 4 11387
9 3 97658
2 3 55668
8 7 56258
5 2 80899
10
6 5 72569
10 6 90491
3 5 95070
9 10 19954
2 9 28305
4 9 75659
7 5 77982
1 6 53976
8 3 24075
10
6 10 67130
5 6 21452
1 5 57674
2 5 586
9 5 33835
7 2 39891
3 5 86547
8 10 63096
4 7 52094
10
7 2 77353
5 7 29094
6 7 44524
1 7 93316
3 6 6447
10 3 14276
8 7 39983
4 5 48791
9 1 36458
10
2 6 25626
9 2 80637
3 6 86647
10 6 8494
8 3 90059
1 8 648
4 6 68887
7 9 35487
5 7 86341
10
10 9 5873
8 9 63886
2 8 20482
6 8 4387
4 8 18867
1 4 1146
7 10 46418
5 7 193
3 2 13076
10
6 5 13588
3 6 85013
4 3 60226
2 5 84091
8 4 21342
1 4 8545
7 6 45681
9 2 23512
10 3 55605
10
10 8 41853
3 10 37398
5 10 21369
7 5 92953
6 3 8551
1 8 73029
9 8 18593
2 10 45304
4 10 87543
